contractSymbol,oi,iv,mid,volume,public_gex,gamma,delta,spot,oi_prev,iv_prev,mid_prev,volume_prev,public_gex_prev,gamma_prev,delta_prev,spot_prev,oi_change,iv_change,mid_change,new_public_gex,flow_class,confidence,flow_reason,inferred_dealer_new_gex,ticker
SMH261002P00467500,25111.0,0.75586181640625,0.395,304.0,-3804878.472283797,0.0004201668664784,-0.0106841756230823,600.52001953125,5.0,0.5722699023437501,0.06,26840.0,-224.2491309699141,0.0001239993797935,-0.0021259273268977,601.4099731445312,25106.0,0.18359191406249997,0.335,-3804654.223152827,LIKELY_CUSTOMER_BUY,95.0,IV up; option price up,3804654.223152827,SMH
SMH260929P00585000,1137.0,0.3199530895996093,2.9850000000000003,1221.0,-5562083.336266279,0.0135650702369844,-0.2319087639292157,600.52001953125,9.0,0.3121406677246093,3.425,1135.0,-41404.63296587976,0.0127193576233264,-0.2333938004290914,601.4099731445312,1128.0,0.007812421874999975,-0.4399999999999995,-5520678.7033004,LIKELY_CUSTOMER_BUY,65.0,IV up; option price down; volume confirms,5520678.7033004,SMH
SMH260930C00605000,1102.0,0.2966378930664062,6.8,6895.0,6854336.3323244015,0.0172476065357689,0.436787565001688,600.52001953125,70.0,0.2819285675048828,7.5,2709.0,427416.355197195,0.0168815315642253,0.4549090297484631,601.4099731445312,1032.0,0.014709325561523379,-0.7000000000000002,6426919.9771272065,LIKELY_CUSTOMER_BUY,65.0,IV up; option price down; volume confirms,-6426919.9771272065,SMH
SMH260924C00610000,3827.0,0.12500875,0.005,351.0,8374455.498519666,0.0060679659731412,0.0088045052899109,600.52001953125,2808.0,0.23242955078125,0.8899999999999999,2419.0,28565336.084588293,0.0281255473664982,0.1249415890097316,601.4099731445312,1019.0,-0.10742080078124999,-0.8849999999999999,-20190880.586068626,LIKELY_CUSTOMER_SELL,95.0,IV down; option price down,-20190880.586068626,SMH
SMH260929C00640000,1031.0,0.4095518029785155,0.89,1007.0,2233859.732050117,0.0060081705767828,0.0980192310931709,600.52001953125,28.0,0.2990792749023437,0.515,1007.0,49845.57455459414,0.0049218380973752,0.056421501766996,601.4099731445312,1003.0,0.1104725280761718,0.375,2184014.157495523,LIKELY_CUSTOMER_BUY,95.0,IV up; option price up; volume confirms,-2184014.157495523,SMH
SMH261002C00625000,1116.0,0.3170844659423828,3.225,451.0,4105910.50053063,0.0102021170939956,0.2092575723567278,600.52001953125,237.0,0.3057930749511719,3.8,1188.0,889375.9658238936,0.0103751836210025,0.2246113616996894,601.4099731445312,879.0,0.011291390991210903,-0.5749999999999997,3216534.5347067364,LIKELY_CUSTOMER_BUY,65.0,IV up; option price down; volume confirms,-3216534.5347067364,SMH
SMH261002C00612500,911.0,0.3173286041259765,6.275,103.0,4324845.77943908,0.0131642847704704,0.3526007309498347,600.52001953125,110.0,0.3362493133544921,7.675000000000001,1118.0,477711.77391302906,0.0120069308283636,0.3817146977848333,601.4099731445312,801.0,-0.018920709228515575,-1.4000000000000004,3847134.0055260505,LIKELY_CUSTOMER_SELL,95.0,IV down; option price down,3847134.0055260505,SMH
SMH260924C00607500,794.0,0.161141201171875,0.1,365.0,9031218.633731974,0.0315406670229678,0.0880441698019482,600.52001953125,152.0,0.2399978344726562,1.49,1200.0,2129883.459835791,0.0387410155976377,0.2156295625706187,601.4099731445312,642.0,-0.07885663330078121,-1.39,6901335.173896183,LIKELY_CUSTOMER_SELL,95.0,IV down; option price down; volume confirms,6901335.173896183,SMH
SMH261002P00590000,917.0,0.3356389678955078,7.275,322.0,-4084238.6408159263,0.0123505641014041,-0.345255718497407,600.52001953125,312.0,0.3377141424560547,7.625,768.0,-1299759.2146237346,0.011517734404707,-0.3422575312136786,601.4099731445312,605.0,-0.0020751745605468996,-0.34999999999999964,-2784479.4261921914,LIKELY_CUSTOMER_SELL,95.0,IV down; option price down; volume confirms,-2784479.4261921914,SMH
SMH261002P00570000,14056.0,0.3392400061035155,2.54,188.0,-37375496.51832729,0.0073734415551315,-0.1398215975386988,600.52001953125,13471.0,0.3501041552734374,2.925,880.0,-34904698.78980665,0.0071637893510186,-0.1535944438275176,601.4099731445312,585.0,-0.0108641491699219,-0.3849999999999998,-2470797.7285206392,LIKELY_CUSTOMER_SELL,95.0,IV down; option price down,-2470797.7285206392,SMH
SMH260925P00587500,972.0,0.292853751220703,0.845,842.0,-5349561.205072275,0.0152614892700396,-0.0742574977512703,600.52001953125,391.0,0.3181220532226562,1.635,1043.0,-2380516.515463903,0.0168326770065268,-0.1550997514847741,601.4099731445312,581.0,-0.02526830200195318,-0.79,-2969044.6896083723,LIKELY_CUSTOMER_SELL,95.0,IV down; option price down; volume confirms,-2969044.6896083723,SMH
SMH260925P00435000,807.0,1.5000025,0.03,66.0,-452.8057663530329,1.5559062810347815e-06,-1.680058376762883e-05,600.52001953125,327.0,1.2460975195312498,0.0349999999999999,740.0,-1503.7950860675978,1.2714510865826144e-05,-0.0001852074352728,601.4099731445312,480.0,0.2539049804687501,-0.0049999999999999,1050.989319714565,LIKELY_CUSTOMER_BUY,65.0,IV up; option price down,-1050.989319714565,SMH
SMH260924P00597500,430.0,0.094735615234375,0.135,1673.0,-12080263.783538893,0.077902784655382,-0.1488636761863405,600.52001953125,19.0,0.2743602838134765,2.78,645.0,-284376.62227895926,0.0413808149302669,-0.3195318957308175,601.4099731445312,411.0,-0.17962466857910148,-2.6449999999999996,-11795887.161259934,LIKELY_CUSTOMER_SELL,95.0,IV down; option price down; volume confirms,-11795887.161259934,SMH
SMH260925C00615000,1162.0,0.2614819946289062,0.435,851.0,4586182.876938348,0.0109443572330997,0.0421738474337739,600.52001953125,780.0,0.2761302856445312,1.165,1062.0,5152566.951055995,0.0182636589845339,0.1417988150186298,601.4099731445312,382.0,-0.014648291015624981,-0.73,-566384.0741176475,LIKELY_CUSTOMER_SELL,95.0,IV down; option price down; volume confirms,-566384.0741176475,SMH
SMH260930C00600000,550.0,0.2951730639648437,9.075,296.0,3475630.53753161,0.0175233015570189,0.5235989748750403,600.52001953125,202.0,0.3194037786865233,11.025,1456.0,1091014.414087906,0.0149326837490796,0.5368591851531237,601.4099731445312,348.0,-0.02423071472167959,-1.950000000000001,2384616.123443704,LIKELY_CUSTOMER_SELL,95.0,IV down; option price down; volume confirms,2384616.123443704,SMH
SMH260924C00620000,472.0,0.23438265625,0.005,240.0,324519.0307030009,0.0019065280154339,0.0048396862216473,600.52001953125,125.0,0.2788158056640625,0.2,547.0,240605.5845752909,0.0053217496332144,0.0191710553687184,601.4099731445312,347.0,-0.04443314941406251,-0.195,83913.44612770999,LIKELY_CUSTOMER_SELL,95.0,IV down; option price down; volume confirms,83913.44612770999,SMH
SMH261002C00635000,675.0,0.3154975677490234,1.785,227.0,1780725.637303469,0.0073154030391101,0.1244255877078384,600.52001953125,332.0,0.3118354949951171,2.1,554.0,922352.7777676036,0.0076809992891507,0.1433756020374766,601.4099731445312,343.0,0.003662072753906287,-0.31500000000000017,858372.8595358654,LIKELY_CUSTOMER_BUY,65.0,IV up; option price down; volume confirms,-858372.8595358654,SMH
SMH260925C00602500,745.0,0.2459792199707031,2.85,1427.0,13466655.249850834,0.0501243194735046,0.404888815695103,600.52001953125,447.0,0.3137275659179687,4.95,902.0,4610662.310262702,0.0285177029315757,0.4773025043211613,601.4099731445312,298.0,-0.06774834594726559,-2.1,8855992.939588131,LIKELY_CUSTOMER_SELL,95.0,IV down; option price down; volume confirms,8855992.939588131,SMH
SMH260925C00600000,2841.0,0.2417068017578125,3.76,1942.0,53610969.07268711,0.0523271936482289,0.5332586194326518,600.52001953125,2546.0,0.2724071783447265,6.050000000000001,1112.0,30009256.12111589,0.0325878403050106,0.5546246459528325,601.4099731445312,295.0,-0.03070037658691399,-2.290000000000001,23601712.951571222,LIKELY_CUSTOMER_SELL,95.0,IV down; option price down; volume confirms,23601712.951571222,SMH
SMH260925P00580000,703.0,0.3147041186523437,0.295,1005.0,-1067965.3608511502,0.0042125673907378,-0.0167696256512008,600.52001953125,410.0,0.335944140625,0.75,975.0,-1325222.9996359742,0.0089364258562067,-0.0695819819463396,601.4099731445312,293.0,-0.021240021972656287,-0.455,257257.63878482394,LIKELY_CUSTOMER_SELL,95.0,IV down; option price down; volume confirms,257257.63878482394,SMH
SMH261002P00580000,929.0,0.3371648315429688,4.35,555.0,-3393192.0696443394,0.0101283278123222,-0.2299389987947346,600.52001953125,651.0,0.3458927716064452,4.875,470.0,-2230728.7802848243,0.0094738069442095,-0.2380151572192452,601.4099731445312,278.0,-0.008727940063476436,-0.5250000000000004,-1162463.289359515,LIKELY_CUSTOMER_SELL,95.0,IV down; option price down; volume confirms,-1162463.289359515,SMH
SMH260925P00585000,587.0,0.2941965112304687,0.475,839.0,-2097762.728894043,0.0099097633546959,-0.0431542405403384,600.52001953125,310.0,0.3188544677734374,1.275,636.0,-1546402.439681284,0.013791756502295,-0.1163953150178783,601.4099731445312,277.0,-0.024657956542968706,-0.7999999999999999,-551360.2892127589,LIKELY_CUSTOMER_SELL,95.0,IV down; option price down; volume confirms,-551360.2892127589,SMH
SMH260924P00580000,391.0,0.2500075,0.005,740.0,-201699.332661744,0.0014304501375316,-0.003772334659386,600.52001953125,129.0,0.3232489550781249,0.285,552.0,-178503.20266629237,0.0038257364684218,-0.0154893722639402,601.4099731445312,262.0,-0.0732414550781249,-0.27999999999999997,-23196.12999545163,LIKELY_CUSTOMER_SELL,95.0,IV down; option price down; volume confirms,-23196.12999545163,SMH
SMH260929C00602500,263.0,0.2943185803222655,6.6,11.0,1825537.7440618016,0.0192477552692637,0.4751115924461018,600.52001953125,15.0,0.2987741021728515,8.0,256.0,93945.01825091265,0.0173157475161967,0.4956303282711424,601.4099731445312,248.0,-0.004455521850586008,-1.4000000000000004,1731592.725810889,LIKELY_CUSTOMER_SELL,95.0,IV down; option price down,1731592.725810889,SMH
SMH260924P00575000,266.0,0.304694453125,0.005,43.0,-94195.97949873716,0.0009819644147964,-0.0030931299480406,600.52001953125,31.0,0.3427800097656249,0.17,305.0,-17410.630679966194,0.0015527858255252,-0.0059015496386005,601.4099731445312,235.0,-0.03808555664062491,-0.165,-76785.34881877096,LIKELY_CUSTOMER_SELL,95.0,IV down; option price down,-76785.34881877096,SMH
SMH260925P00440000,77378.0,1.25000375,0.005,56.0,-2979.6594811598416,1.0678104209171781e-07,-8.421872212949211e-07,600.52001953125,77146.0,1.171879140625,0.025,338.0,-274641.4801218647,9.842636958408942e-06,-0.0001319495959877,601.4099731445312,232.0,0.0781246093750001,-0.02,271661.8206407049,LIKELY_CUSTOMER_BUY,65.0,IV up; option price down,-271661.8206407049,SMH
SMH261002P00575000,828.0,0.3407048352050781,3.375,747.0,-2614660.35288254,0.0087564881577247,-0.1831196140009888,600.52001953125,602.0,0.3438175970458984,3.625,310.0,-1821138.7100980217,0.0083638316606506,-0.1902312026027335,601.4099731445312,226.0,-0.0031127618408203217,-0.25,-793521.6427845182,LIKELY_CUSTOMER_SELL,95.0,IV down; option price down; volume confirms,-793521.6427845182,SMH
SMH261002P00592500,337.0,0.3360051751708984,8.225,454.0,-1545535.927308588,0.0127172797279582,-0.37722384716031,600.52001953125,119.0,0.3357000024414062,8.6,403.0,-513226.32129418576,0.0119239654415874,-0.371373600734596,601.4099731445312,218.0,0.0003051727294922091,-0.375,-1032309.6060144024,LIKELY_CUSTOMER_BUY,65.0,IV up; option price down; volume confirms,1032309.6060144024,SMH
SMH260928P00570000,248.0,0.3029854858398437,0.505,168.0,-461275.389962873,0.0051576708580647,-0.0470494798787253,600.52001953125,36.0,0.3233710241699218,0.8150000000000001,281.0,-79683.33115558073,0.0061196097694006,-0.0734354553377883,601.4099731445312,212.0,-0.020385538330078112,-0.31000000000000005,-381592.05880729225,LIKELY_CUSTOMER_SELL,95.0,IV down; option price down; volume confirms,-381592.05880729225,SMH
SMH260924P00585000,238.0,0.25196060546875,0.035,2229.0,-584735.9786609574,0.0068128351355294,-0.0227327640563057,600.52001953125,26.0,0.3093330786132812,0.565,373.0,-87245.84830481226,0.0092774830665455,-0.042398610610537,601.4099731445312,212.0,-0.0573724731445312,-0.5299999999999999,-497490.13035614515,LIKELY_CUSTOMER_SELL,95.0,IV down; option price down; volume confirms,-497490.13035614515,SMH
SMH260925P00582500,511.0,0.3054268676757812,0.39,1647.0,-1210896.3679599625,0.006570994388432,-0.0273911759850904,600.52001953125,309.0,0.3064034204101562,0.8400000000000001,267.0,-1176521.9348268127,0.0105268951586237,-0.0764203320719099,601.4099731445312,202.0,-0.0009765527343750247,-0.45000000000000007,-34374.43313314975,LIKELY_CUSTOMER_SELL,95.0,IV down; option price down; volume confirms,-34374.43313314975,SMH
SMH260924P00590000,208.0,0.1367273828125,0.005,2357.0,-314903.6154473571,0.0041981633390668,-0.0064158116518601,600.52001953125,13.0,0.2880930566406249,0.94,609.0,-90586.05608220468,0.0192653431125259,-0.0993907008036952,601.4099731445312,195.0,-0.1513656738281249,-0.9349999999999999,-224317.55936515244,LIKELY_CUSTOMER_SELL,95.0,IV down; option price down; volume confirms,-224317.55936515244,SMH
SMH261002C00627500,721.0,0.3144599804687499,2.6500000000000004,210.0,2470470.576267786,0.0095014402343056,0.1835573707431428,600.52001953125,528.0,0.3284979260253906,3.6,313.0,1814055.2072494056,0.0094989439682871,0.2181790656578004,601.4099731445312,193.0,-0.014037945556640674,-0.9499999999999997,656415.3690183803,LIKELY_CUSTOMER_SELL,95.0,IV down; option price down; volume confirms,656415.3690183803,SMH
SMH260925P00590000,616.0,0.2905344384765624,1.235,2230.0,-4854634.443022332,0.0218534918586176,-0.1196015877092222,600.52001953125,423.0,0.3089668713378906,2.035,670.0,-3069659.9639402837,0.0200635903117919,-0.1953023233821103,601.4099731445312,193.0,-0.018432432861328174,-0.8,-1784974.4790820484,LIKELY_CUSTOMER_SELL,95.0,IV down; option price down; volume confirms,-1784974.4790820484,SMH
SMH260925P00592500,420.0,0.2887034020996093,1.58,582.0,-4422965.544866497,0.0292017773740788,-0.1828548689953364,600.52001953125,230.0,0.3067696276855468,2.605,872.0,-1930719.1763456303,0.0232086576702368,-0.2487896462467885,601.4099731445312,190.0,-0.018066225585937457,-1.025,-2492246.368520866,LIKELY_CUSTOMER_SELL,95.0,IV down; option price down; volume confirms,-2492246.368520866,SMH
SMH260924C00605000,231.0,0.06446248046875,0.005,1698.0,1561927.7633556947,0.0187496853770611,0.0150556318706024,600.52001953125,49.0,0.2407302490234374,2.195,429.0,840377.8646231167,0.0474173493664078,0.3237143472399585,601.4099731445312,182.0,-0.1762677685546874,-2.19,721549.898732578,LIKELY_CUSTOMER_SELL,95.0,IV down; option price down; volume confirms,721549.898732578,SMH
SMH261002C00607500,231.0,0.3190375714111327,8.075,143.0,1147904.477997257,0.0137796691436791,0.4197673749995396,600.52001953125,66.0,0.3414982843017577,9.65,201.0,292307.9264840686,0.0122449045831122,0.4432708613244652,601.4099731445312,165.0,-0.022460712890625012,-1.575000000000001,855596.5515131883,LIKELY_CUSTOMER_SELL,95.0,IV down; option price down; volume confirms,855596.5515131883,SMH
SMH261002P00600000,237.0,0.3433293206787109,11.625,89.0,-1115070.535721387,0.0130466500716216,-0.476194616623364,600.52001953125,87.0,0.3301458587646484,11.625,264.0,-401006.745225821,0.0127435719058796,-0.4640553071900819,601.4099731445312,150.0,0.0131834619140625,0.0,-714063.7904955661,LIKELY_CUSTOMER_BUY,80.0,IV up; volume confirms,714063.7904955661,SMH
SMH260924P00592500,193.0,0.1191494335937499,0.01,967.0,-693986.4864743707,0.0099710001939859,-0.0147574155094281,600.52001953125,53.0,0.2845530529785155,1.34,370.0,-509065.2452198533,0.0265556127572165,-0.1545910980909257,601.4099731445312,140.0,-0.1654036193847656,-1.33,-184921.2412545174,LIKELY_CUSTOMER_SELL,95.0,IV down; option price down; volume confirms,-184921.2412545174,SMH
SMH260924C00630000,178.0,0.45508357421875,0.06,7.0,244524.35839963445,0.0038093172699601,0.02300009746723,600.52001953125,42.0,0.3281317187499999,0.085,173.0,15782.527789178635,0.0010389293632019,0.0035822133046991,601.4099731445312,136.0,0.1269518554687501,-0.02500000000000001,228741.83061045583,LIKELY_CUSTOMER_BUY,65.0,IV up; option price down,-228741.83061045583,SMH
SMH260925P00572500,289.0,0.3842835009765625,0.185,35.0,-197393.41072557383,0.0018939993618697,-0.0083992382126669,600.52001953125,154.0,0.3461979443359374,0.375,223.0,-218021.669781729,0.0039141520220608,-0.0259634605147141,601.4099731445312,135.0,0.03808555664062507,-0.19,20628.259056155162,LIKELY_CUSTOMER_BUY,65.0,IV up; option price down,-20628.259056155162,SMH
SMH260924C00615000,7222.0,0.195320546875,0.01,130.0,11615935.120342296,0.0044600703955805,0.0103146768388656,600.52001953125,7088.0,0.2219316088867187,0.295,771.0,23698185.06767573,0.0092437911875578,0.0281722319350064,601.4099731445312,134.0,-0.0266110620117187,-0.285,-12082249.947333433,LIKELY_CUSTOMER_SELL,95.0,IV down; option price down; volume confirms,-12082249.947333433,SMH
SMH260924C00612500,158.0,0.5446822875976562,2.5,69.0,1057389.083521406,0.0185576404186821,0.2499188653014329,600.52001953125,34.0,0.2263260961914062,0.55,232.0,214528.9927172257,0.0174447931884102,0.063351098255945,601.4099731445312,124.0,0.31835619140625004,1.95,842860.0908041802,LIKELY_CUSTOMER_BUY,95.0,IV up; option price up; volume confirms,-842860.0908041802,SMH
SMH260928C00600000,1119.0,0.247505083618164,6.225,190.0,10325940.427474566,0.0255884835198699,0.5252398870465645,600.52001953125,996.0,0.2872996075439452,8.15,323.0,7069141.321748464,0.0196230302822871,0.5409834428359115,601.4099731445312,123.0,-0.03979452392578117,-1.9250000000000007,3256799.1057261014,LIKELY_CUSTOMER_SELL,95.0,IV down; option price down; volume confirms,3256799.1057261014,SMH
SMH261002P00495000,215.0,0.6171913281250001,0.455,1.0,-53509.60583967961,0.0006901417676662,-0.0149993543196795,600.52001953125,101.0,0.5297898583984376,0.14,161.0,-16585.626412451013,0.00045401400898,-0.0083313528299833,601.4099731445312,114.0,0.08740146972656249,0.315,-36923.979427228594,LIKELY_CUSTOMER_BUY,95.0,IV up; option price up,36923.979427228594,SMH
SMH260925P00510000,3030.0,0.773439765625,0.02,6.0,-4746.636066658326,4.343985092891639e-06,-2.4665074826124567e-05,600.52001953125,2917.0,0.6367223828125,0.02,811.0,-29630.06968689865,2.8083743149100517e-05,-0.0002108163618004,601.4099731445312,113.0,0.1367173828125,0.0,24883.43362024032,LIKELY_CUSTOMER_BUY,80.0,IV up,-24883.43362024032,SMH
SMH260924P00577500,122.0,0.3007882421875,0.01,31.0,-82071.52591578904,0.0018654245900707,-0.0062530836826397,600.52001953125,14.0,0.3256903369140624,0.16,146.0,-11202.32454557591,0.0022122737362446,-0.0083171555776799,601.4099731445312,108.0,-0.024902094726562407,-0.15,-70869.20137021312,LIKELY_CUSTOMER_SELL,95.0,IV down; option price down,-70869.20137021312,SMH
SMH260924C00597500,132.0,0.2136309106445312,2.505,2082.0,2536789.705324593,0.0532912068197877,0.6794886559678087,600.52001953125,27.0,0.2678295874023437,5.975,142.0,411795.0326591511,0.0421673285709951,0.6844212752159644,601.4099731445312,105.0,-0.05419867675781248,-3.4699999999999998,2124994.672665442,LIKELY_CUSTOMER_SELL,95.0,IV down; option price down; volume confirms,2124994.672665442,SMH
SMH260930P00570000,124.0,0.3461979443359374,1.46,760.0,-321043.3141989695,0.0071793803955325,-0.1127326320582097,600.52001953125,19.0,0.3352117260742187,1.86,114.0,-48072.52495469688,0.006995231332446,-0.1159968961304058,601.4099731445312,105.0,0.01098621826171875,-0.40000000000000013,-272970.78924427263,LIKELY_CUSTOMER_BUY,65.0,IV up; option price down; volume confirms,272970.78924427263,SMH
SMH260924P00600000,215.0,0.2275467871093749,1.41,371.0,-4307985.392751401,0.0555623725381482,-0.4649806854079804,600.52001953125,116.0,0.3087227331542969,3.9,197.0,-1700393.826627762,0.0405275433442063,-0.4363951309814348,601.4099731445312,99.0,-0.08117594604492198,-2.49,-2607591.5661236392,LIKELY_CUSTOMER_SELL,95.0,IV down; option price down; volume confirms,-2607591.5661236392,SMH
SMH260925P00577500,1302.0,0.3427800097656249,0.27,206.0,-1567678.6180591849,0.003338805118369,-0.0141307382112508,600.52001953125,1205.0,0.3476627734374999,0.605,153.0,-3134697.86354092,0.0071922933012505,-0.0550475936022618,601.4099731445312,97.0,-0.004882763671875012,-0.33499999999999996,1567019.245481735,LIKELY_CUSTOMER_SELL,95.0,IV down; option price down; volume confirms,1567019.245481735,SMH
SMH260925P00445000,145.0,2.5896031353759765,2.5,120.0,-19058.989517040616,0.0003644826742202,-0.0113098148875744,600.52001953125,53.0,1.4912134814453122,0.315,120.0,-2377.853970746396,0.000124041799815,-0.0026694336737683,601.4099731445312,92.0,1.0983896539306643,2.185,-16681.13554629422,LIKELY_CUSTOMER_BUY,95.0,IV up; option price up; volume confirms,16681.13554629422,SMH
SMH260925P00602500,172.0,0.3920959228515625,6.175,368.0,-1986863.3512172287,0.0320320380752901,-0.557560427623317,600.52001953125,81.0,0.3050606604003906,6.5,247.0,-859112.622293054,0.0293240417769565,-0.5236007442097766,601.4099731445312,91.0,0.08703526245117188,-0.3250000000000002,-1127750.7289241748,LIKELY_CUSTOMER_BUY,65.0,IV up; option price down; volume confirms,1127750.7289241748,SMH
SMH260930P00580000,122.0,0.3352117260742187,2.8200000000000003,65.0,-475580.26710581273,0.0108095848701761,-0.1988451625711498,600.52001953125,31.0,0.3171455004882812,3.1,129.0,-116518.45544617531,0.0103918237859762,-0.1935840392857408,601.4099731445312,91.0,0.018066225585937457,-0.2799999999999998,-359061.81165963743,LIKELY_CUSTOMER_BUY,65.0,IV up; option price down; volume confirms,359061.81165963743,SMH
SMH260930C00570000,196.0,0.3983214465332031,31.6,89.0,524394.1876961115,0.0074190247164126,0.8553714725018898,600.52001953125,109.0,0.3634096862792969,32.575,89.0,281815.93070972146,0.0071482180245878,0.865690901880629,601.4099731445312,87.0,0.03491176025390624,-0.9750000000000014,242578.25698639004,LIKELY_CUSTOMER_BUY,65.0,IV up; option price down; volume confirms,-242578.25698639004,SMH
SMH260930P00565000,91.0,0.3564517480468749,1.06,2.0,-186289.9160717748,0.0056766611948273,-0.0851349314762595,600.52001953125,5.0,0.346564151611328,1.3650000000000002,88.0,-10168.339998747266,0.0056226209123795,-0.089926044867685,601.4099731445312,86.0,0.00988759643554693,-0.30500000000000016,-176121.5760730275,LIKELY_CUSTOMER_BUY,65.0,IV up; option price down,176121.5760730275,SMH
SMH260925P00430000,527.0,1.6679704101562502,0.065,178.0,-807.0091803962885,4.2463215709568775e-06,-5.426711398692774e-05,600.52001953125,442.0,1.3437532812499997,0.055,178.0,-3026.194452026656,1.892924577013118e-05,-0.0003076697334843,601.4099731445312,85.0,0.32421712890625054,0.010000000000000002,2219.1852716303674,LIKELY_CUSTOMER_BUY,95.0,IV up; option price up; volume confirms,-2219.1852716303674,SMH
SMH260924P00587500,118.0,0.1679770703125,0.005,1092.0,-137803.42356198124,0.0032383442915442,-0.0060380221347254,600.52001953125,33.0,0.2866282275390625,0.7,255.0,-152779.77166721405,0.0128000205043819,-0.0576796461223588,601.4099731445312,85.0,-0.11865115722656247,-0.695,14976.348105232813,LIKELY_CUSTOMER_SELL,95.0,IV down; option price down; volume confirms,14976.348105232813,SMH
SMH261002P00310000,108.0,1.359378203125,0.025,346.0,-410.0578535636528,1.0528497503105672e-05,-0.0003487715490692,600.52001953125,25.0,1.43359658203125,0.08,248.0,-246.1891660040412,2.722624053377701e-05,-0.0011037136474224,601.4099731445312,83.0,-0.07421837890625005,-0.055,-163.86868755961163,LIKELY_CUSTOMER_SELL,95.0,IV down; option price down; volume confirms,-163.86868755961163,SMH
SMH261002P00340000,98.0,2.0942430456542964,2.5,358.0,-10401.134293092393,0.0002943063604049,-0.0231536464735704,600.52001953125,15.0,1.419924775390625,0.265,322.0,-452.3450000292995,8.337527584274305e-05,-0.0037495544634791,601.4099731445312,83.0,0.6743182702636714,2.235,-9948.789293063093,LIKELY_CUSTOMER_BUY,95.0,IV up; option price up; volume confirms,9948.789293063093,SMH
SMH261002C00660000,390.0,0.36524072265625,0.425,15.0,405028.5597836143,0.0028798247549162,0.0442503475397288,600.52001953125,308.0,0.354376573486328,0.67,85.0,354614.4096569945,0.0031832035549504,0.0520766347248819,601.4099731445312,82.0,0.01086414916992201,-0.24500000000000005,50414.15012661979,LIKELY_CUSTOMER_BUY,65.0,IV up; option price down,-50414.15012661979,SMH
SMH260930P00530000,94.0,0.506840869140625,0.595,60.0,-50276.22959321446,0.0014831322110586,-0.024710676936912,600.52001953125,14.0,0.4733939379882813,0.325,83.0,-7322.832160999161,0.0014461381830884,-0.0242737899817955,601.4099731445312,80.0,0.033446931152343706,0.26999999999999996,-42953.3974322153,LIKELY_CUSTOMER_BUY,95.0,IV up; option price up; volume confirms,42953.3974322153,SMH
SMH260925P00475000,14239.0,1.015629921875,0.01,108.0,-3369.9232893712638,6.562745228230016e-07,-4.5092944577218574e-06,600.52001953125,14160.0,0.929688203125,0.0349999999999999,214.0,-121420.18653304834,2.3707534485580183e-05,-0.0002637902170826,601.4099731445312,79.0,0.08594171875,-0.024999999999999897,118050.26324367708,LIKELY_CUSTOMER_BUY,65.0,IV up; option price down; volume confirms,-118050.26324367708,SMH
SMH260925P00507500,588.0,1.2675817871093749,0.75,5.0,-77831.10170035205,0.0003670463179346,-0.0050639768150294,600.52001953125,510.0,0.7919942675781251,0.12,83.0,-28615.330766737887,0.0001551269818035,-0.0017000725485807,601.4099731445312,78.0,0.4755875195312498,0.63,-49215.77093361417,LIKELY_CUSTOMER_BUY,95.0,IV up; option price up,49215.77093361417,SMH
SMH260924C00602500,289.0,0.0820404296875,0.165,15415.0,12271705.219614776,0.1177476075293985,0.2299910393580812,600.52001953125,212.0,0.2290116162109375,3.06,194.0,4204296.468606369,0.0548297443133374,0.4459388583838664,601.4099731445312,77.0,-0.1469711865234375,-2.895,8067408.751008407,LIKELY_CUSTOMER_SELL,95.0,IV down; option price down; volume confirms,8067408.751008407,SMH
SMH260929C00645000,80.0,0.4058897302246094,0.63,4.0,137180.83251170442,0.0047549775087321,0.0709393144792293,600.52001953125,4.0,0.3437565625,0.545,76.0,6543.359343499318,0.0045227181976735,0.0604881930989901,601.4099731445312,76.0,0.06213316772460942,0.08499999999999996,130637.47316820509,LIKELY_CUSTOMER_BUY,95.0,IV up; option price up,-130637.47316820509,SMH
SMH260925P00597500,287.0,0.2951730639648437,3.125,631.0,-4198733.5000393,0.0405677978405484,-0.3664990555970835,600.52001953125,214.0,0.2983468603515624,3.735,391.0,-2211455.73184094,0.0285708542355517,-0.3758831747053681,601.4099731445312,73.0,-0.0031737963867186636,-0.6099999999999999,-1987277.7681983598,LIKELY_CUSTOMER_SELL,95.0,IV down; option price down; volume confirms,-1987277.7681983598,SMH
SMH261002C00700000,340.0,0.5534712622070312,0.465,97.0,190068.4685715222,0.0015501587582552,0.0344533553505014,600.52001953125,267.0,0.4751029052734374,0.285,97.0,119909.42482943418,0.0012416546149026,0.0236131112236659,601.4099731445312,73.0,0.07836835693359384,0.18000000000000005,70159.043742088,LIKELY_CUSTOMER_BUY,95.0,IV up; option price up; volume confirms,-70159.043742088,SMH
SMH260928P00592500,88.0,0.2668530346679688,3.39,137.0,-662328.7563983948,0.0208706492299112,-0.3046925635896229,600.52001953125,16.0,0.2916940948486327,4.4,89.0,-100670.45415010676,0.0173956553144634,-0.3190644755804012,601.4099731445312,72.0,-0.0248410601806639,-1.0100000000000002,-561658.3022482881,LIKELY_CUSTOMER_SELL,95.0,IV down; option price down; volume confirms,-561658.3022482881,SMH
SMH261002P00355000,88.0,1.9560549072265625,2.5,286.0,-10600.286412033694,0.0003340257497578,-0.0248180051216905,600.52001953125,16.0,1.579591945800781,0.975,258.0,-1222.1990938432102,0.0002111935854629,-0.0121199886914872,601.4099731445312,72.0,0.3764629614257815,1.525,-9378.087318190484,LIKELY_CUSTOMER_BUY,95.0,IV up; option price up; volume confirms,9378.087318190484,SMH
SMH261002P00345000,97.0,2.047368162841797,2.5,358.0,-10732.793976563871,0.0003068217046596,-0.0236826587954244,600.52001953125,27.0,1.78515732421875,1.55,334.0,-2410.712078658709,0.0002468540906247,-0.0167440027237902,601.4099731445312,70.0,0.26221083862304706,0.95,-8322.081897905162,LIKELY_CUSTOMER_BUY,95.0,IV up; option price up; volume confirms,8322.081897905162,SMH
SMH260924C00640000,108.0,1.111332568359375,2.5,1.0,252642.45726869456,0.0064867565818222,0.143749750145445,600.52001953125,38.0,0.4184628466796875,0.085,83.0,7733.009416866195,0.0005626310435944,0.0023758802773624,601.4099731445312,70.0,0.6928697216796876,2.415,244909.44785182836,LIKELY_CUSTOMER_BUY,95.0,IV up; option price up,-244909.44785182836,SMH
SMH261002P00510000,997.0,0.5034229345703125,0.31,28.0,-260041.3744769025,0.0007232564484903,-0.0125054635546213,600.52001953125,927.0,0.476567734375,0.1649999999999999,89.0,-234503.16550535453,0.0006994033754822,-0.0121079778914339,601.4099731445312,70.0,0.026855200195312512,0.1450000000000001,-25538.20897154798,LIKELY_CUSTOMER_BUY,95.0,IV up; option price up,25538.20897154798,SMH
SMH260929P00597500,77.0,0.3029854858398437,6.15,3.0,-512260.32619975926,0.0184478184703519,-0.4304002322182814,600.52001953125,7.0,0.3091499749755859,7.050000000000001,144.0,-41525.066333564704,0.0164010269961055,-0.4203626244420202,601.4099731445312,70.0,-0.0061644891357421905,-0.9000000000000004,-470735.25986619457,LIKELY_CUSTOMER_SELL,95.0,IV down; option price down,-470735.25986619457,SMH
SMH261002P00315000,105.0,1.3828155859374998,0.04,316.0,-608.1783444059779,1.6061521110144904e-05,-0.0005602902231942,600.52001953125,36.0,1.3164096679687498,0.04,264.0,-221.9211203033216,1.704334691019533e-05,-0.0006047004081868,601.4099731445312,69.0,0.06640591796874995,0.0,-386.2572241026563,LIKELY_CUSTOMER_BUY,80.0,IV up; volume confirms,386.2572241026563,SMH
SMH261002P00605000,132.0,0.3667055517578125,14.65,5.0,-579952.7073084395,0.0121832643856914,-0.5372908672925448,600.52001953125,64.0,0.3258124060058593,14.125,77.0,-299370.50794817123,0.0129326578774967,-0.5284885627524986,601.4099731445312,68.0,0.040893145751953186,0.5250000000000004,-280582.1993602683,LIKELY_CUSTOMER_BUY,95.0,IV up; option price up,280582.1993602683,SMH
SMH260925P00482500,73.0,0.9062509375,0.005,2.0,-7.828905251483949,2.973878333883769e-07,-1.7510039258539225e-06,600.52001953125,6.0,0.8476577734374999,0.025,70.0,-42.71513237632527,1.9682907649607734e-05,-0.0001957431875598,601.4099731445312,67.0,0.058593164062500036,-0.02,34.88622712484133,LIKELY_CUSTOMER_BUY,65.0,IV up; option price down,-34.88622712484133,SMH
SMH261002P00577500,173.0,0.3399724206542969,3.775,199.0,-588738.8667548789,0.0094367320635231,-0.2063412434759057,600.52001953125,106.0,0.3524845025634765,4.25,172.0,-339380.182836214,0.0088519583663382,-0.2181541639552346,601.4099731445312,67.0,-0.012512081909179629,-0.4750000000000001,-249358.68391866487,LIKELY_CUSTOMER_SELL,95.0,IV down; option price down; volume confirms,-249358.68391866487,SMH
SMH260925P00470000,15237.0,1.3515657421874998,0.125,64.0,-112480.04073296934,2.047014963349095e-05,-0.0002317597144481,600.52001953125,15171.0,0.92187578125,0.02,843.0,-68197.89421886705,1.2428408095284643e-05,-0.0001310110834734,601.4099731445312,66.0,0.4296899609374998,0.105,-44282.14651410229,LIKELY_CUSTOMER_BUY,95.0,IV up; option price up; volume confirms,44282.14651410229,SMH
SMH260924C00600000,163.0,0.0691011059570312,0.58,3669.0,10405552.699612636,0.1770200946266819,0.607045748675796,600.52001953125,97.0,0.2570875073242187,4.325,224.0,1698777.6529076735,0.048419862700873,0.575071079135129,601.4099731445312,66.0,-0.1879864013671875,-3.745,8706775.046704963,LIKELY_CUSTOMER_SELL,95.0,IV down; option price down; volume confirms,8706775.046704963,SMH
SMH260924P00595000,215.0,0.085946640625,0.01,1455.0,-1317993.344334189,0.016998859217098,-0.0187925161572445,600.52001953125,152.0,0.2807689111328124,1.89,300.0,-1881665.1848696005,0.0342261075083353,-0.2284564665952126,601.4099731445312,63.0,-0.19482227050781237,-1.88,563671.8405354114,LIKELY_CUSTOMER_SELL,95.0,IV down; option price down; volume confirms,563671.8405354114,SMH
SMH260924C00595000,108.0,0.1103604589843749,4.35,1319.0,1204935.3178839695,0.030937484492724,0.9474371554196528,600.52001953125,50.0,0.3151923950195311,8.05,142.0,583133.8978016614,0.0322446028447213,0.746781033645609,601.4099731445312,58.0,-0.2048319360351562,-3.700000000000001,621801.4200823081,LIKELY_CUSTOMER_SELL,95.0,IV down; option price down; volume confirms,621801.4200823081,SMH
SMH261002P00350000,667.0,1.140629296875,0.03,286.0,-4270.128334758187,1.7752524207113646e-05,-0.0005070093873587,600.52001953125,610.0,1.11328568359375,0.04,312.0,-5170.558055108637,2.3435074168744864e-05,-0.0007121112660576,601.4099731445312,57.0,0.027343613281250123,-0.010000000000000002,900.4297203504502,LIKELY_CUSTOMER_BUY,65.0,IV up; option price down; volume confirms,-900.4297203504502,SMH
SMH260925C00660000,256.0,0.500005,0.02,53.0,3707.4360640072,4.015861485676327e-05,0.0001644623378611,600.52001953125,199.0,0.4794973925781249,0.085,88.0,46374.803057052246,0.0006442994349408,0.0047268370555603,601.4099731445312,57.0,0.02050760742187513,-0.065,-42667.36699304505,LIKELY_CUSTOMER_BUY,65.0,IV up; option price down; volume confirms,42667.36699304505,SMH
SMH260924P00535000,72.0,1.738038419189453,2.5,79.0,-79695.83998898136,0.0030693624510778,-0.0939832284115302,600.52001953125,17.0,0.6132851171875001,0.04,79.0,-154.1572848370998,2.5071128320774804e-05,-0.0001238883816628,601.4099731445312,55.0,1.124753302001953,2.46,-79541.68270414426,LIKELY_CUSTOMER_BUY,95.0,IV up; option price up; volume confirms,79541.68270414426,SMH
SMH261002P00595000,180.0,0.3357000024414062,9.15,63.0,-845361.258386292,0.0130231144031886,-0.4097068770665707,600.52001953125,126.0,0.3305731005859375,9.475,182.0,-564269.5960105783,0.0123815453791348,-0.4007590846937203,601.4099731445312,54.0,0.005126901855468713,-0.3249999999999993,-281091.6623757137,LIKELY_CUSTOMER_BUY,65.0,IV up; option price down; volume confirms,281091.6623757137,SMH
SMH261002P00415000,103.0,1.3525422998046874,1.75,263.0,-18413.11435703983,0.0004957184072137,-0.0255953982093144,600.52001953125,50.0,0.9169930175781252,0.18,204.0,-2452.606534902201,0.0001356177782674,-0.003961287220903,601.4099731445312,53.0,0.4355492822265622,1.57,-15960.50782213763,LIKELY_CUSTOMER_BUY,95.0,IV up; option price up; volume confirms,15960.50782213763,SMH
SMH260930P00587500,59.0,0.3165961895751953,4.25,4.0,-294906.68383119174,0.0138604593621498,-0.2821376886111235,600.52001953125,8.0,0.299811689453125,4.65,58.0,-38548.198917300695,0.0133221050211786,-0.273306751629726,601.4099731445312,51.0,0.016784500122070334,-0.40000000000000036,-256358.48491389104,LIKELY_CUSTOMER_BUY,65.0,IV up; option price down,256358.48491389104,SMH
SMH261002P00507500,53.0,0.5151415673828125,0.305,2.0,-13056.281093443831,0.0006831068524421,-0.0120228553526667,600.52001953125,3.0,0.4887746435546876,0.245,50.0,-724.0306573430572,0.0006672590143659,-0.0118080083075002,601.4099731445312,50.0,0.02636692382812489,0.06,-12332.250436100774,LIKELY_CUSTOMER_BUY,95.0,IV up; option price up,12332.250436100774,SMH
SMH261002P00325000,65.0,2.2380415142822265,2.5,332.0,-6093.448981496123,0.0002599530052266,-0.0216224382447106,600.52001953125,16.0,1.3125034374999998,0.065,340.0,-155.36938877031366,2.684752300250133e-05,-0.0009872759344993,601.4099731445312,49.0,0.9255380767822268,2.435,-5938.07959272581,LIKELY_CUSTOMER_BUY,95.0,IV up; option price up; volume confirms,5938.07959272581,SMH
SMH260929C00605000,84.0,0.2741161456298828,5.1,19.0,615012.1912949933,0.0203024971711404,0.421309517224781,600.52001953125,36.0,0.2755809747314452,6.525,83.0,242332.44436382133,0.0186109186509293,0.4474257479037024,601.4099731445312,48.0,-0.001464829101562426,-1.4250000000000007,372679.746931172,LIKELY_CUSTOMER_SELL,95.0,IV down; option price down,372679.746931172,SMH
SMH260925C00617500,838.0,0.2839427075195311,0.31,137.0,2389493.7152426164,0.0079069117909197,0.0313510592050619,600.52001953125,791.0,0.2644116528320312,0.8,138.0,4014938.029833314,0.014033342069308,0.0920971382263896,601.4099731445312,47.0,0.019531054687499882,-0.49000000000000005,-1625444.3145906976,LIKELY_CUSTOMER_BUY,65.0,IV up; option price down; volume confirms,1625444.3145906976,SMH
SMH261002P00360000,71.0,0.937500625,0.005,278.0,-103.3792442268918,4.037569620616283e-06,-8.413886311398056e-05,600.52001953125,25.0,0.9062509375,0.005,264.0,-47.57488327710127,5.261341254340423e-06,-0.000114708608311,601.4099731445312,46.0,0.031249687500000012,0.0,-55.80436094979053,LIKELY_CUSTOMER_BUY,80.0,IV up; volume confirms,55.80436094979053,SMH
SMH261002C00605000,578.0,0.3206855041503905,9.5,384.0,2897665.679883729,0.0139016214584833,0.45448155930796,600.52001953125,532.0,0.3343877597045898,10.675,401.0,2425235.3986588903,0.012603785831366,0.4727698818593895,601.4099731445312,46.0,-0.013702255554199294,-1.1750000000000007,472430.2812248389,LIKELY_CUSTOMER_SELL,95.0,IV down; option price down; volume confirms,472430.2812248389,SMH
SMH261002P00320000,69.0,1.3789093554687497,0.05,338.0,-499.831370102325,2.008720162067017e-05,-0.0007116895084672,600.52001953125,24.0,1.3125034374999998,0.05,338.0,-184.1381241015051,2.12124690351582e-05,-0.0007641367687689,601.4099731445312,45.0,0.06640591796874995,0.0,-315.69324600081995,LIKELY_CUSTOMER_BUY,80.0,IV up; volume confirms,315.69324600081995,SMH
SMH261002P00365000,53.0,1.8669440246582032,2.5,282.0,-6959.6931403599165,0.0003641323314846,-0.0260217878476961,600.52001953125,8.0,1.575441575927734,1.29,276.0,-775.3291827323304,0.0002679506977875,-0.0159246908264608,601.4099731445312,45.0,0.29150244873046915,1.21,-6184.363957627586,LIKELY_CUSTOMER_BUY,95.0,IV up; option price up; volume confirms,6184.363957627586,SMH
SMH260925C00657500,68.0,0.4687553125,0.015,2.0,767.2429016982392,3.128736483003604e-05,0.0001176173330565,600.52001953125,23.0,0.5185595019531251,0.165,45.0,10253.538163922873,0.001232550337049,0.0107793094411669,601.4099731445312,45.0,-0.049804189453125036,-0.15000000000000002,-9486.295262224634,LIKELY_CUSTOMER_SELL,95.0,IV down; option price down,-9486.295262224634,SMH
SMH261002C00622500,102.0,0.3140327386474609,3.6,916.0,402342.193639384,0.0109380631792523,0.2323572151871175,600.52001953125,58.0,0.3313055151367187,4.75,87.0,221051.3105968068,0.0105371666624697,0.2684371206402727,601.4099731445312,44.0,-0.01727277648925779,-1.15,181290.8830425772,LIKELY_CUSTOMER_SELL,95.0,IV down; option price down; volume confirms,181290.8830425772,SMH
SMH261002P00500000,3158.0,0.5463912548828126,0.275,178.0,-640180.2883157226,0.0005621279658247,-0.0102818882337255,600.52001953125,3114.0,0.5024463818359376,0.18,324.0,-541141.1045372165,0.0004804527285324,-0.0083656710127433,601.4099731445312,44.0,0.043944873046875,0.09500000000000003,-99039.18377850612,LIKELY_CUSTOMER_BUY,95.0,IV up; option price up; volume confirms,99039.18377850612,SMH
SMH261002P00555000,212.0,0.3846497082519531,1.29,53.0,-321684.59109210776,0.0042076481604402,-0.0766282928356029,600.52001953125,169.0,0.3711000390625,1.415,67.0,-252373.3661420719,0.0041287212670567,-0.0771923288318809,601.4099731445312,43.0,0.013549669189453106,-0.125,-69311.22495003586,LIKELY_CUSTOMER_BUY,65.0,IV up; option price down; volume confirms,69311.22495003586,SMH
